{
  "accessors": [
    {
      "bufferView": 2,
      "componentType": 5126,
      "count": 48,
      "max": [
        14.865437507629395,
        17.682594299316406,
        12.873882293701172
      ],
      "min": [
        -14.865476608276367,
        -17.682594299316406,
        -12.873845100402832
      ],
      "type": "VEC3"
    },
    {
      "bufferView": 2,
      "byteOffset": 576,
      "componentType": 5126,
      "count": 48,
      "max": [
        0.9681383371353149,
        1.0,
        0.9981585741043091
      ],
      "min": [
        -0.8646021485328674,
        -1.0,
        -0.9970296621322632
      ],
      "type": "VEC3"
    },
    {
      "bufferView": 1,
      "componentType": 5126,
      "count": 48,
      "max": [
        1.0,
        1.0
      ],
      "min": [
        0.0,
        0.0
      ],
      "type": "VEC2"
    },
    {
      "bufferView": 0,
      "componentType": 5125,
      "count": 51,
      "type": "SCALAR"
    },
    {
      "bufferView": 2,
      "byteOffset": 1152,
      "componentType": 5126,
      "count": 49,
      "max": [
        14.865631103515625,
        17.682594299316406,
        12.874013900756836
      ],
      "min": [
        -14.865630149841309,
        -17.682594299316406,
        -12.874013900756836
      ],
      "type": "VEC3"
    },
    {
      "bufferView": 2,
      "byteOffset": 1740,
      "componentType": 5126,
      "count": 49,
      "max": [
        0.8643380999565125,
        1.0,
        0.9979822635650635
      ],
      "min": [
        -0.9693710207939148,
        -1.0,
        -0.9973759055137634
      ],
      "type": "VEC3"
    },
    {
      "bufferView": 1,
      "byteOffset": 384,
      "componentType": 5126,
      "count": 49,
      "max": [
        1.0,
        1.0
      ],
      "min": [
        0.0,
        0.0
      ],
      "type": "VEC2"
    },
    {
      "bufferView": 0,
      "byteOffset": 204,
      "componentType": 5125,
      "count": 51,
      "type": "SCALAR"
    },
    {
      "bufferView": 2,
      "byteOffset": 2328,
      "componentType": 5126,
      "count": 128,
      "max": [
        3.097878932952881,
        23.508169174194336,
        8.678632736206055
      ],
      "min": [
        -3.387136936187744,
        -22.339014053344727,
        -2.002656936645508
      ],
      "type": "VEC3"
    },
    {
      "bufferView": 2,
      "byteOffset": 3864,
      "componentType": 5126,
      "count": 128,
      "max": [
        0.8366946578025818,
        0.9894382357597351,
        0.9685834050178528
      ],
      "min": [
        -0.9999982714653015,
        -0.9997062683105469,
        -0.9869858622550964
      ],
      "type": "VEC3"
    },
    {
      "bufferView": 0,
      "byteOffset": 408,
      "componentType": 5125,
      "count": 132,
      "type": "SCALAR"
    },
    {
      "bufferView": 2,
      "byteOffset": 5400,
      "componentType": 5126,
      "count": 128,
      "max": [
        3.137298583984375,
        23.53623390197754,
        5.690856456756592
      ],
      "min": [
        -3.19637131690979,
        -22.364395141601563,
        -4.060733795166016
      ],
      "type": "VEC3"
    },
    {
      "bufferView": 2,
      "byteOffset": 6936,
      "componentType": 5126,
      "count": 128,
      "max": [
        0.8375832438468933,
        0.9872967600822449,
        0.9707850217819214
      ],
      "min": [
        -0.9999472498893738,
        -0.9992675185203552,
        -0.9892122149467468
      ],
      "type": "VEC3"
    },
    {
      "bufferView": 0,
      "byteOffset": 936,
      "componentType": 5125,
      "count": 132,
      "type": "SCALAR"
    },
    {
      "bufferView": 2,
      "byteOffset": 8472,
      "componentType": 5126,
      "count": 595,
      "max": [
        1.6627130508422852,
        6.298338413238525,
        88.0348129272461
      ],
      "min": [
        -3.713092803955078,
        -6.177918910980225,
        -91.9777603149414
      ],
      "type": "VEC3"
    },
    {
      "bufferView": 2,
      "byteOffset": 15612,
      "componentType": 5126,
      "count": 595,
      "max": [
        0.9999564290046692,
        1.0,
        0.9869516491889954
      ],
      "min": [
        -0.999944806098938,
        -1.0,
        -0.9633632898330688
      ],
      "type": "VEC3"
    },
    {
      "bufferView": 0,
      "byteOffset": 1464,
      "componentType": 5125,
      "count": 600,
      "type": "SCALAR"
    },
    {
      "bufferView": 2,
      "byteOffset": 22752,
      "componentType": 5126,
      "count": 595,
      "max": [
        1.6627130508422852,
        6.298338413238525,
        88.0348129272461
      ],
      "min": [
        -3.713092803955078,
        -6.177918910980225,
        -91.9777603149414
      ],
      "type": "VEC3"
    },
    {
      "bufferView": 2,
      "byteOffset": 29892,
      "componentType": 5126,
      "count": 595,
      "max": [
        0.9999564290046692,
        1.0,
        0.9869516491889954
      ],
      "min": [
        -0.999944806098938,
        -1.0,
        -0.9633632898330688
      ],
      "type": "VEC3"
    },
    {
      "bufferView": 0,
      "byteOffset": 3864,
      "componentType": 5125,
      "count": 600,
      "type": "SCALAR"
    },
    {
      "bufferView": 2,
      "byteOffset": 37032,
      "componentType": 5126,
      "count": 128,
      "max": [
        4.620851516723633,
        45.4191780090332,
        9.079353332519531
      ],
      "min": [
        -5.052966117858887,
        -43.160301208496094,
        -2.095126152038574
      ],
      "type": "VEC3"
    },
    {
      "bufferView": 2,
      "byteOffset": 38568,
      "componentType": 5126,
      "count": 128,
      "max": [
        0.7340400218963623,
        0.9687525033950806,
        0.9854926466941833
      ],
      "min": [
        -0.9999991655349731,
        -0.9989991188049316,
        -0.995139479637146
      ],
      "type": "VEC3"
    },
    {
      "bufferView": 0,
      "byteOffset": 6264,
      "componentType": 5125,
      "count": 132,
      "type": "SCALAR"
    },
    {
      "bufferView": 2,
      "byteOffset": 40104,
      "componentType": 5126,
      "count": 128,
      "max": [
        4.2219367027282715,
        45.395748138427734,
        6.366241931915283
      ],
      "min": [
        -4.730483055114746,
        -43.14152526855469,
        -4.776402473449707
      ],
      "type": "VEC3"
    },
    {
      "bufferView": 2,
      "byteOffset": 41640,
      "componentType": 5126,
      "count": 128,
      "max": [
        0.7427648901939392,
        0.9667287468910217,
        0.9845046997070313
      ],
      "min": [
        -0.9999974966049194,
        -0.9992983341217041,
        -0.9947704076766968
      ],
      "type": "VEC3"
    },
    {
      "bufferView": 0,
      "byteOffset": 6792,
      "componentType": 5125,
      "count": 132,
      "type": "SCALAR"
    },
    {
      "bufferView": 2,
      "byteOffset": 43176,
      "componentType": 5126,
      "count": 600,
      "max": [
        1.6627130508422852,
        6.296942710876465,
        87.20883178710938
      ],
      "min": [
        -3.713092803955078,
        -6.177918910980225,
        -90.53843688964844
      ],
      "type": "VEC3"
    },
    {
      "bufferView": 2,
      "byteOffset": 50376,
      "componentType": 5126,
      "count": 600,
      "max": [
        0.9999478459358215,
        1.0,
        0.9978151321411133
      ],
      "min": [
        -0.9999457597732544,
        -1.0,
        -0.9960009455680847
      ],
      "type": "VEC3"
    },
    {
      "bufferView": 0,
      "byteOffset": 7320,
      "componentType": 5125,
      "count": 606,
      "type": "SCALAR"
    },
    {
      "bufferView": 2,
      "byteOffset": 57576,
      "componentType": 5126,
      "count": 603,
      "max": [
        1.6627130508422852,
        6.295952796936035,
        86.33450317382813
      ],
      "min": [
        -3.713092803955078,
        -6.177918910980225,
        -90.9889907836914
      ],
      "type": "VEC3"
    },
    {
      "bufferView": 2,
      "byteOffset": 64812,
      "componentType": 5126,
      "count": 603,
      "max": [
        0.9999478459358215,
        1.0,
        0.9869516491889954
      ],
      "min": [
        -0.9999457597732544,
        -1.0,
        -0.9960777163505554
      ],
      "type": "VEC3"
    },
    {
      "bufferView": 0,
      "byteOffset": 9744,
      "componentType": 5125,
      "count": 606,
      "type": "SCALAR"
    },
    {
      "bufferView": 2,
      "byteOffset": 72048,
      "componentType": 5126,
      "count": 604,
      "max": [
        1.6627130508422852,
        6.296962738037109,
        86.71939849853516
      ],
      "min": [
        -3.713092803955078,
        -6.177918910980225,
        -90.9889907836914
      ],
      "type": "VEC3"
    },
    {
      "bufferView": 2,
      "byteOffset": 79296,
      "componentType": 5126,
      "count": 604,
      "max": [
        0.9999478459358215,
        0.9999876618385315,
        0.9855602383613586
      ],
      "min": [
        -0.9999457597732544,
        -1.0,
        -0.9930861592292786
      ],
      "type": "VEC3"
    },
    {
      "bufferView": 0,
      "byteOffset": 12168,
      "componentType": 5125,
      "count": 606,
      "type": "SCALAR"
    }
  ],
  "asset": {
    "extras": {
      "author": "FLAREMEDIA (https://sketchfab.com/flaremedia)",
      "license": "CC-BY-4.0 (http://creativecommons.org/licenses/by/4.0/)",
      "source": "https://sketchfab.com/3d-models/bench-91e9a8aea88f42e6b8fd6505dec761c4",
      "title": "Bench"
    },
    "generator": "Sketchfab-12.68.0",
    "version": "2.0"
  },
  "bufferViews": [
    {
      "buffer": 0,
      "byteLength": 14592,
      "name": "floatBufferViews",
      "target": 34963
    },
    {
      "buffer": 0,
      "byteLength": 776,
      "byteOffset": 14592,
      "byteStride": 8,
      "name": "floatBufferViews",
      "target": 34962
    },
    {
      "buffer": 0,
      "byteLength": 86544,
      "byteOffset": 15368,
      "byteStride": 12,
      "name": "floatBufferViews",
      "target": 34962
    }
  ],
  "buffers": [
    {
      "byteLength": 101912,
      "uri": "scene.bin"
    }
  ],
  "materials": [
    {
      "doubleSided": true,
      "name": "RootNode",
      "pbrMetallicRoughness": {
        "baseColorFactor": [
          0.17901507171454986,
          0.07201541398665326,
          0.01929620295367619,
          1.0
        ],
        "metallicFactor": 0.0,
        "roughnessFactor": 0.6
      }
    }
  ],
  "meshes": [
    {
      "name": "Stump_2__0",
      "primitives": [
        {
          "attributes": {
            "NORMAL": 1,
            "POSITION": 0,
            "TEXCOORD_0": 2
          },
          "indices": 3,
          "material": 0,
          "mode": 4
        }
      ]
    },
    {
      "name": "Stump_4__0",
      "primitives": [
        {
          "attributes": {
            "NORMAL": 5,
            "POSITION": 4,
            "TEXCOORD_0": 6
          },
          "indices": 7,
          "material": 0,
          "mode": 4
        }
      ]
    },
    {
      "name": "Cylinder_2__0",
      "primitives": [
        {
          "attributes": {
            "NORMAL": 9,
            "POSITION": 8
          },
          "indices": 10,
          "material": 0,
          "mode": 4
        }
      ]
    },
    {
      "name": "Cylinder_2_3__0",
      "primitives": [
        {
          "attributes": {
            "NORMAL": 12,
            "POSITION": 11
          },
          "indices": 13,
          "material": 0,
          "mode": 4
        }
      ]
    },
    {
      "name": "Latte_2__0",
      "primitives": [
        {
          "attributes": {
            "NORMAL": 15,
            "POSITION": 14
          },
          "indices": 16,
          "material": 0,
          "mode": 4
        }
      ]
    },
    {
      "name": "Latte_1_2__0",
      "primitives": [
        {
          "attributes": {
            "NORMAL": 18,
            "POSITION": 17
          },
          "indices": 19,
          "material": 0,
          "mode": 4
        }
      ]
    },
    {
      "name": "Cylinder_4__0",
      "primitives": [
        {
          "attributes": {
            "NORMAL": 21,
            "POSITION": 20
          },
          "indices": 22,
          "material": 0,
          "mode": 4
        }
      ]
    },
    {
      "name": "Cylinder_2_5__0",
      "primitives": [
        {
          "attributes": {
            "NORMAL": 24,
            "POSITION": 23
          },
          "indices": 25,
          "material": 0,
          "mode": 4
        }
      ]
    },
    {
      "name": "Latte_2_3__0",
      "primitives": [
        {
          "attributes": {
            "NORMAL": 27,
            "POSITION": 26
          },
          "indices": 28,
          "material": 0,
          "mode": 4
        }
      ]
    },
    {
      "name": "Latte_4__0",
      "primitives": [
        {
          "attributes": {
            "NORMAL": 30,
            "POSITION": 29
          },
          "indices": 31,
          "material": 0,
          "mode": 4
        }
      ]
    },
    {
      "name": "Latte_1_4__0",
      "primitives": [
        {
          "attributes": {
            "NORMAL": 33,
            "POSITION": 32
          },
          "indices": 34,
          "material": 0,
          "mode": 4
        }
      ]
    }
  ],
  "nodes": [
    {
      "children": [
        1
      ],
      "matrix": [
        1.0,
        0.0,
        0.0,
        0.0,
        0.0,
        2.220446049250313e-16,
        -1.0,
        0.0,
        0.0,
        1.0,
        2.220446049250313e-16,
        0.0,
        0.0,
        0.0,
        0.0,
        1.0
      ],
      "name": "Sketchfab_model"
    },
    {
      "children": [
        2
      ],
      "matrix": [
        1.0,
        0.0,
        0.0,
        0.0,
        0.0,
        0.0,
        1.0,
        0.0,
        0.0,
        -1.0,
        0.0,
        0.0,
        0.0,
        0.0,
        0.0,
        1.0
      ],
      "name": "c61dbb5db063408593338a2bcae68606.fbx"
    },
    {
      "children": [
        3
      ],
      "name": "RootNode"
    },
    {
      "children": [
        4,
        7,
        10,
        23
      ],
      "name": "Bench"
    },
    {
      "children": [
        5
      ],
      "matrix": [
        1.0,
        0.0,
        0.0,
        0.0,
        0.0,
        1.0,
        0.0,
        0.0,
        0.0,
        0.0,
        1.0,
        0.0,
        -11.695316314697266,
        -12.08186149597168,
        68.36280822753906,
        1.0
      ],
      "name": "Stump"
    },
    {
      "children": [
        6
      ],
      "matrix": [
        0.9593139745400575,
        0.0,
        0.2823414568428764,
        0.0,
        0.0,
        1.0,
        0.0,
        0.0,
        -0.2823414568428764,
        0.0,
        0.9593139745400575,
        0.0,
        -1.578312873840332,
        -7.955116271972656,
        -1.1368683772161603e-13,
        1.0
      ],
      "name": "Stump_2"
    },
    {
      "mesh": 0,
      "name": "Stump_2__0"
    },
    {
      "children": [
        8
      ],
      "matrix": [
        1.0,
        0.0,
        0.0,
        0.0,
        0.0,
        1.0,
        0.0,
        0.0,
        0.0,
        0.0,
        1.0,
        0.0,
        -7.1025919914245605,
        -12.08186149597168,
        -64.89505004882813,
        1.0
      ],
      "name": "Stump_3"
    },
    {
      "children": [
        9
      ],
      "matrix": [
        0.9593139745400575,
        0.0,
        0.2823414568428764,
        0.0,
        0.0,
        1.0,
        0.0,
        0.0,
        -0.2823414568428764,
        0.0,
        0.9593139745400575,
        0.0,
        -4.021335124969482,
        -8.190444946289063,
        -1.1368683772161603e-13,
        1.0
      ],
      "name": "Stump_4"
    },
    {
      "mesh": 1,
      "name": "Stump_4__0"
    },
    {
      "children": [
        11,
        14,
        17,
        20
      ],
      "matrix": [
        4.440892098500626e-16,
        1.0,
        0.0,
        0.0,
        -1.0,
        4.440892098500626e-16,
        0.0,
        0.0,
        0.0,
        0.0,
        1.0,
        0.0,
        -1.2723522186279297,
        0.683319091796875,
        -1.6532796621322632,
        1.0
      ],
      "name": "Zaun_1"
    },
    {
      "children": [
        12
      ],
      "matrix": [
        1.0,
        0.0,
        0.0,
        0.0,
        0.0,
        1.0,
        0.0,
        0.0,
        0.0,
        0.0,
        1.0,
        0.0,
        -4.771609783172607,
        4.388716697692871,
        -68.19770050048828,
        1.0
      ],
      "name": "Cylinder"
    },
    {
      "children": [
        13
      ],
      "name": "Cylinder_2"
    },
    {
      "mesh": 2,
      "name": "Cylinder_2__0"
    },
    {
      "children": [
        15
      ],
      "matrix": [
        -0.772307441217075,
        -0.016249806459312215,
        -0.6350410695622517,
        0.0,
        -0.038043384468582075,
        0.999061623423935,
        0.02070201680288978,
        0.0,
        0.6341087581313709,
        0.04014743318776902,
        -0.7722009236393879,
        0.0,
        -5.015264987945557,
        4.330104827880859,
        67.84185791015625,
        1.0
      ],
      "name": "Cylinder_2_2"
    },
    {
      "children": [
        16
      ],
      "matrix": [
        1.0,
        3.469446951953614e-18,
        -1.1102230246251568e-16,
        0.0,
        -3.469446951953617e-18,
        1.0,
        -2.0816681711721685e-17,
        0.0,
        1.1102230246251568e-16,
        2.0816681711721685e-17,
        1.0,
        0.0,
        0.0,
        0.0,
        0.0,
        1.0
      ],
      "name": "Cylinder_2_3"
    },
    {
      "mesh": 3,
      "name": "Cylinder_2_3__0"
    },
    {
      "children": [
        18
      ],
      "matrix": [
        0.985520087546469,
        -0.16952970050039484,
        -0.0031365093091599576,
        0.0,
        0.16953068759226125,
        0.9855249076008308,
        4.9627300583839995e-05,
        0.0,
        0.0030826947456943916,
        -0.0005806432814374968,
        0.9999950799111387,
        0.0,
        -0.9160328507423401,
        17.348379135131836,
        -0.6916773915290833,
        1.0
      ],
      "name": "Latte"
    },
    {
      "children": [
        19
      ],
      "matrix": [
        1.0,
        1.0793423209506324e-17,
        8.673617379884032e-19,
        0.0,
        -1.0793423209506324e-17,
        1.0,
        2.3716922523120414e-19,
        0.0,
        -8.673617379884032e-19,
        -2.3716922523120414e-19,
        1.0,
        0.0,
        0.0,
        0.0,
        0.0,
        1.0
      ],
      "name": "Latte_2"
    },
    {
      "mesh": 4,
      "name": "Latte_2__0"
    },
    {
      "children": [
        21
      ],
      "matrix": [
        -0.9897404164265564,
        -0.14287724833501755,
        -1.2120824329635498e-16,
        0.0,
        -0.14287724833501755,
        0.9897404164265566,
        -1.224646799147353e-16,
        0.0,
        1.3746211367891186e-16,
        -1.0389034301865054e-16,
        -0.9999999999999998,
        0.0,
        -2.565601348876953,
        0.2975901663303375,
        2.3965306282043457,
        1.0
      ],
      "name": "Latte_1"
    },
    {
      "children": [
        22
      ],
      "matrix": [
        1.0,
        1.4843728718315483e-32,
        -4.930380657631324e-32,
        0.0,
        -1.4843728718315483e-32,
        1.0,
        -2.465190328815662e-32,
        0.0,
        4.930380657631324e-32,
        2.465190328815662e-32,
        1.0,
        0.0,
        0.0,
        0.0,
        0.0,
        1.0
      ],
      "name": "Latte_1_2"
    },
    {
      "mesh": 5,
      "name": "Latte_1_2__0"
    },
    {
      "children": [
        24,
        27,
        30,
        33,
        36
      ],
      "matrix": [
        0.9348294154398779,
        -0.35509711914958736,
        0.0,
        0.0,
        0.35509711914958736,
        0.9348294154398779,
        0.0,
        0.0,
        0.0,
        0.0,
        1.0,
        0.0,
        16.979013442993164,
        22.54690170288086,
        -1.6532796621322632,
        1.0
      ],
      "name": "Zaun"
    },
    {
      "children": [
        25
      ],
      "matrix": [
        1.0,
        -5.55111512312578e-17,
        0.0,
        0.0,
        5.55111512312578e-17,
        1.0,
        0.0,
        0.0,
        0.0,
        0.0,
        1.0,
        0.0,
        2.1630289554595947,
        -16.474515914916992,
        -68.29197692871094,
        1.0
      ],
      "name": "Cylinder_3"
    },
    {
      "children": [
        26
      ],
      "matrix": [
        1.0,
        5.5511151231257815e-17,
        0.0,
        0.0,
        -5.5511151231257815e-17,
        1.0,
        0.0,
        0.0,
        0.0,
        0.0,
        1.0,
        0.0,
        0.0,
        0.0,
        0.0,
        1.0
      ],
      "name": "Cylinder_4"
    },
    {
      "mesh": 6,
      "name": "Cylinder_4__0"
    },
    {
      "children": [
        28
      ],
      "matrix": [
        -0.772307441217075,
        -0.016249806459312215,
        -0.6350410695622517,
        0.0,
        -0.038043384468582075,
        0.999061623423935,
        0.02070201680288978,
        0.0,
        0.6341087581313709,
        0.04014743318776902,
        -0.7722009236393879,
        0.0,
        1.5678019523620605,
        -17.48161506652832,
        68.37079620361328,
        1.0
      ],
      "name": "Cylinder_2_4"
    },
    {
      "children": [
        29
      ],
      "matrix": [
        1.0,
        -1.734723475976807e-17,
        2.220446049250313e-16,
        0.0,
        1.7347234759768077e-17,
        1.0,
        -3.122502256758254e-17,
        0.0,
        -2.220446049250313e-16,
        3.122502256758254e-17,
        1.0,
        0.0,
        0.0,
        0.0,
        0.0,
        1.0
      ],
      "name": "Cylinder_2_5"
    },
    {
      "mesh": 7,
      "name": "Cylinder_2_5__0"
    },
    {
      "children": [
        31
      ],
      "matrix": [
        -0.9909102418174847,
        0.13449401676045283,
        0.0028726497965546383,
        0.0,
        -0.13449457169405857,
        -0.9909143303963426,
        -8.68445940160889e-17,
        0.0,
        0.002846549849616117,
        -0.0003863558040147266,
        0.999995873933061,
        0.0,
        -0.9396699070930481,
        -16.473007202148438,
        -0.6762322783470154,
        1.0
      ],
      "name": "Latte_2_2"
    },
    {
      "children": [
        32
      ],
      "matrix": [
        1.0,
        3.883288959667875e-16,
        2.4502969098172395e-16,
        0.0,
        -3.883288959667873e-16,
        1.0,
        -8.870694805547571e-16,
        0.0,
        -2.4502969098172425e-16,
        8.870694805547571e-16,
        1.0,
        0.0,
        0.0,
        0.0,
        0.0,
        1.0
      ],
      "name": "Latte_2_3"
    },
    {
      "mesh": 8,
      "name": "Latte_2_3__0"
    },
    {
      "children": [
        34
      ],
      "matrix": [
        0.9855200875464689,
        -0.16952970050039523,
        -0.003136509309159956,
        0.0,
        0.16953068759226164,
        0.9855249076008308,
        4.962730058383929e-05,
        0.0,
        0.00308269474569439,
        -0.0005806432814374972,
        0.9999950799111387,
        0.0,
        -0.9160328507423401,
        17.348379135131836,
        -0.6916773915290833,
        1.0
      ],
      "name": "Latte_3"
    },
    {
      "children": [
        35
      ],
      "matrix": [
        1.0,
        -1.696072303802409e-17,
        -4.336808689942017e-19,
        0.0,
        1.696072303802409e-17,
        1.0,
        2.3716922523120414e-19,
        0.0,
        4.336808689942017e-19,
        -2.3716922523120414e-19,
        1.0,
        0.0,
        0.0,
        0.0,
        0.0,
        1.0
      ],
      "name": "Latte_4"
    },
    {
      "mesh": 9,
      "name": "Latte_4__0"
    },
    {
      "children": [
        37
      ],
      "matrix": [
        0.9897404164265566,
        -0.14287724833501764,
        0.0,
        0.0,
        0.14287724833501764,
        0.9897404164265566,
        0.0,
        0.0,
        0.0,
        0.0,
        1.0,
        0.0,
        -2.565601348876953,
        1.8416658639907837,
        2.3965306282043457,
        1.0
      ],
      "name": "Latte_1_3"
    },
    {
      "children": [
        38
      ],
      "matrix": [
        1.0,
        -8.326672684688672e-16,
        0.0,
        0.0,
        8.326672684688672e-16,
        1.0,
        0.0,
        0.0,
        0.0,
        0.0,
        1.0,
        0.0,
        0.0,
        0.0,
        0.0,
        1.0
      ],
      "name": "Latte_1_4"
    },
    {
      "mesh": 10,
      "name": "Latte_1_4__0"
    }
  ],
  "scene": 0,
  "scenes": [
    {
      "name": "Sketchfab_Scene",
      "nodes": [
        0
      ]
    }
  ]
}
